1.0525  0  0  0  0  

0.683156  0.316844  0  0  0  
0  0.831025  0.168975  0  0  
0  0  0.845912  0.154088  0  
0  0  0  0.948032  0.0519681  
0  0  0  0  1  


0.0442457  0.127974  1.0525e-030  2.91806e-007  0.0705202  1.0525e-030  1.0525e-030  1.0525e-030  0.104191  1.90379e-005  0.0379433  0.0340314  0.0876651  1.57689e-021  0.0446197  0.0399374  0.030429  1.0525e-030  0.0930814  0.0828543  0.0286646  1.05238e-030  0.00770457  0.0955984  2.04902e-005  1.55073e-005  9.31188e-012  1.05225e-030  0.0599903  0.0104945  1.05238e-030  1.0525e-030  

1.15815e-006  0.193572  1.0525e-030  6.06994e-006  0.00539397  1.0525e-030  1.0525e-030  1.0525e-030  0.0481654  0.00864959  0.03655  0.0676759  0.0602629  0.0077302  0.0260139  0.0119603  0.0935437  1.0525e-030  0.00352539  0.000157527  0.376469  2.68027e-030  0.00467656  0.00639635  0.0302668  0.00940422  5.49866e-007  1.05919e-030  0.00957581  2.94795e-006  1.05238e-030  1.0525e-030  

1.0525e-030  0.000133576  1.0525e-030  0.00442541  0.0435858  1.0525e-030  1.0525e-030  1.0525e-030  0.081273  0.00842625  0.0132152  0.0275385  0.030783  0.0263258  0.0149632  0.0482241  0.000119025  1.0525e-030  0.137973  4.69316e-007  0.0864344  6.31531e-018  0.0346331  0.0203729  0.273781  0.0404385  0.00536831  5.30632e-019  0.101982  4.40156e-006  1.05238e-030  1.0525e-030  

1.0525e-030  1.72741e-005  1.0525e-030  0.0373368  0.0115294  1.0525e-030  1.0525e-030  1.0525e-030  0.0154759  0.0041475  0.0230924  0.0408925  0.0260102  0.0356458  0.0151616  0.583825  3.80856e-007  1.0525e-030  0.0275425  0.00210933  0.0172797  3.44479e-011  0.0399104  0.0610706  0.0425977  0.00967673  0.000135246  5.85749e-012  0.00364151  0.00290131  9.99875e-031  1.0525e-030  

1.0525e-030  0.0346044  1.0525e-030  0.0166719  0.0244974  1.0525e-030  1.0525e-030  1.0525e-030  0.0532418  0.0476519  0.0545376  0.0162631  0.0379362  0.0150226  0.0292021  0.077261  4.84506e-013  1.0525e-030  1.93114e-005  1.45181e-007  0.0701121  0.00218509  0.0535808  0.00176344  0.194596  0.221348  0.0234817  0.00654934  0.0136759  0.0036516  0.00214684  1.0525e-030  



p_star  5.01475e-092 