1.0525  0  0  0  0  

0.753496  0.246504  0  0  0  
0  0.796731  0.203269  0  0  
0  0  0.783063  0.216937  0  
0  0  0  0.835696  0.164304  
0  0  0  0  1  


0.181453  0.137859  0.0431383  1.0721e-015  0.225224  1.0515e-030  1.05188e-030  1.05225e-030  0.121048  1.05175e-030  3.20593e-011  0.0344451  1.30541e-005  2.68161e-014  0.0124761  6.83678e-010  0.220406  1.05238e-030  2.61647e-009  1.05225e-030  0.0239382  1.0525e-030  1.84497e-030  1.05213e-030  1.01487e-019  4.69905e-020  1.0525e-030  1.05238e-030  1.052e-030  1.05238e-030  1.0525e-030  1.0525e-030  

0.553164  0.138028  2.91152e-006  9.47122e-009  0.0517502  1.0515e-030  1.05188e-030  1.05225e-030  0.00622135  2.29843e-020  9.82536e-007  1.4936e-009  0.146458  2.04365e-009  0.00321477  1.3812e-006  0.0182132  1.05238e-030  2.932e-006  1.05225e-030  0.0829414  1.0525e-030  9.41624e-018  1.05213e-030  1.60181e-012  7.56503e-011  1.0525e-030  1.05238e-030  1.052e-030  1.05238e-030  1.0525e-030  1.0525e-030  

0.0516859  0.45256  2.30315e-010  6.5195e-006  0.0683893  1.0515e-030  1.60784e-030  1.05225e-030  0.138506  2.29194e-012  0.0132431  8.30676e-007  0.129354  1.09605e-006  0.0301812  0.0299113  0.00459773  1.05238e-030  0.0805102  1.05225e-030  0.00104847  1.0525e-030  3.24985e-006  1.05213e-030  1.03433e-008  7.55829e-007  1.0525e-030  1.05238e-030  1.052e-030  1.05238e-030  1.0525e-030  1.0525e-030  

0.000454289  0.013651  1.0525e-030  0.0285484  0.178423  5.9187e-026  1.35023e-019  1.05225e-030  0.122822  7.40664e-008  0.0472925  0.0228089  0.0693465  0.0599132  0.082894  0.0995685  3.51104e-006  1.50633e-022  0.00816166  1.05225e-030  0.211594  1.0525e-030  0.00852157  1.05213e-030  3.82815e-006  0.0459927  1.0525e-030  1.05238e-030  1.052e-030  1.04988e-030  1.0525e-030  1.0525e-030  

3.7765e-009  0.0097967  1.0525e-030  0.03056  0.0417682  0.0153992  0.00756425  0.00210931  0.0500739  0.00994318  0.0500699  0.0487235  0.0369872  0.036558  0.0325517  0.43837  4.28778e-012  0.000733731  0.00371466  0.00417788  0.0623589  1.0525e-030  0.0485367  0.0071596  0.0466111  0.00490114  0.00279653  0.000733731  0.00521377  0.00258704  1.0525e-030  1.0525e-030  



p_star  1.0515e-064