1.0525  0  0  0  0  

0.809675  0.190325  0  0  0  
0  0.61487  0.38513  0  0  
0  0  0.882898  0.117102  0  
0  0  0  0.542194  0.457806  
0  0  0  0  1  


3.29468e-006  9.70174e-007  1.05238e-030  0.0115276  0.0637552  1.0525e-030  1.05238e-030  1.05238e-030  0.0193947  1.05238e-030  0.0977768  0.00763889  0.0269624  0.0159202  0.0824767  0.599782  1.66539e-007  1.0525e-030  1.0525e-030  1.0525e-030  0.0387008  1.0525e-030  0.0186106  1.0525e-030  0.0174492  1.052e-030  1.0525e-030  1.0525e-030  1.0525e-030  1.0525e-030  1.0525e-030  1.0525e-030  

0.0928203  0.000382461  1.05238e-030  0.05929  0.0672029  1.0525e-030  1.05238e-030  1.05238e-030  0.0624627  1.05238e-030  0.0694525  0.0514806  0.081959  0.0114989  0.0811752  0.00167427  0.00783226  1.0525e-030  1.0525e-030  1.0525e-030  0.355625  1.0525e-030  0.0571436  1.0525e-030  2.06197e-015  1.06843e-030  1.0525e-030  1.0525e-030  1.0525e-030  1.0525e-030  1.0525e-030  1.0525e-030  

0.00329923  0.756827  1.05238e-030  1.85389e-005  0.000278353  1.0525e-030  1.05238e-030  1.05238e-030  0.0205609  1.05238e-030  0.0168758  2.78382e-005  0.000300478  3.57538e-008  0.00346795  0.000189937  1.04474e-005  1.0525e-030  1.0525e-030  1.0525e-030  0.177657  1.0525e-030  0.0204865  1.0525e-030  1.28165e-008  1.47731e-029  1.0525e-030  1.0525e-030  1.0525e-030  1.0525e-030  1.0525e-030  1.0525e-030  

0.0286747  0.176842  1.05136e-030  0.00354477  0.107706  1.0525e-030  1.32083e-030  1.05238e-030  0.192406  1.05238e-030  0.0195352  0.00892194  0.196259  0.0555063  0.0251495  8.70489e-005  1.98673e-007  1.0525e-030  1.0525e-030  1.0525e-030  0.162082  1.0525e-030  0.0135652  1.0525e-030  0.00972023  2.17012e-026  1.0525e-030  1.0525e-030  1.0525e-030  1.0525e-030  1.0525e-030  1.0525e-030  

0.00401896  0.0257043  0.00126708  0.0299276  0.0453481  0.000657813  0.00231179  0.000584712  0.0598324  0.00176875  0.0257145  0.0190668  0.0453674  0.0242905  0.0341041  0.58122  1.88062e-023  1.0525e-030  1.0525e-030  1.0525e-030  0.0357681  0.00130134  0.0216757  1.0525e-030  0.0199919  0.0187068  1.0525e-030  0.00137164  1.0525e-030  1.0525e-030  1.0525e-030  1.0525e-030  



p_star  3.37178e-052 