1.0525  0  0  0  0  

0.720874  0.279126  0  0  0  
0  0.770896  0.229104  0  0  
0  0  0.859149  0.140851  0  
0  0  0  0.889308  0.110692  
0  0  0  0  1  


1.0525e-030  0.618656  1.0525e-030  2.17358e-016  2.57323e-006  1.05238e-030  1.0525e-030  1.0525e-030  0.00874828  0.0936947  9.32678e-005  2.43367e-015  0.000271363  2.65008e-024  3.792e-006  2.02098e-010  1.0525e-030  1.0525e-030  5.85825e-018  2.86507e-019  0.03353  1.0525e-030  0.0281047  6.6164e-014  0.0169408  0.000134669  0.0607741  1.02432e-011  0.0116108  0.0522287  0.0752067  1.07895e-027  

1.0525e-030  0.0160408  1.0525e-030  5.24446e-009  0.01347  1.05225e-030  1.0525e-030  1.0525e-030  0.0130818  0.0149611  0.116051  1.71187e-008  0.013074  4.90517e-013  0.0223339  1.86472e-006  1.0525e-030  1.0525e-030  4.52066e-010  1.27212e-010  0.214417  1.0525e-030  0.106208  1.35883e-007  0.0249509  0.0646471  0.041183  2.63831e-006  0.111581  0.0370847  0.190911  2.11715e-015  

1.0525e-030  0.0187421  1.0525e-030  5.17168e-006  1.38264e-005  1.78458e-005  1.0525e-030  1.0525e-030  0.0668952  0.0985764  0.0593007  0.00553025  0.0262451  5.62941e-008  9.68276e-005  0.000710523  1.0525e-030  1.0525e-030  8.0106e-007  9.34404e-007  0.0841492  1.0525e-030  0.20793  0.0167686  0.19516  0.0241129  0.0362937  0.0182192  0.0821027  0.00168418  0.0574435  1.15561e-009  

1.0525e-030  1.08108e-005  1.0525e-030  0.0499384  0.0238772  0.00443614  1.0525e-030  1.0525e-030  0.00608152  0.0253847  0.0250082  0.124896  0.0267056  0.0323193  0.0194194  0.332396  1.0525e-030  1.0525e-030  0.0317105  0.0194774  0.0307199  1.0525e-030  0.076066  0.0150006  0.116059  0.0104136  0.00520824  0.00225597  0.0179751  0.00426155  0.000340521  3.72319e-005  

1.0525e-030  2.33861e-009  1.0525e-030  0.00487496  0.00675401  0.0013301  1.0525e-030  1.0525e-030  0.0143253  0.0855878  0.0145013  0.00455024  0.0199365  0.00812525  0.00133645  0.0292027  1.0525e-030  1.0525e-030  1.44144e-005  2.87893e-006  0.0127581  1.0525e-030  0.0722581  0.00805289  0.104444  0.18791  0.191422  0.119728  0.0211132  0.00517191  0.0533502  0.033251  



p_star  7.2726e-033 