1.0525  0  0  0  0  

0.684375  0.315625  0  0  0  
0  0.423065  0.576935  0  0  
0  0  0.628225  0.371775  0  
0  0  0  0.906998  0.093002  
0  0  0  0  1  


1.0525e-030  1.14814e-012  1.0525e-030  3.83568e-005  8.52632e-007  1.0525e-030  1.0525e-030  1.0525e-030  7.55912e-006  0.0406287  0.0424149  0.0502569  8.92796e-006  2.79534e-007  3.93687e-005  0.147267  1.0525e-030  1.0525e-030  0.0179869  0.0850523  1.32663e-007  1.0525e-030  0.0892562  0.17452  7.78801e-005  3.57143e-005  9.47697e-031  1.0525e-030  0.138502  0.157988  0.0559178  1.0525e-030  

1.0525e-030  3.76361e-008  1.0525e-030  0.0862484  0.00276631  1.0525e-030  1.0525e-030  1.0525e-030  0.0278842  0.137485  6.01921e-005  0.0411317  0.0298018  0.0155012  0.0985368  0.0441323  1.0525e-030  1.0525e-030  0.0110387  0.126367  1.61571e-005  1.0525e-030  0.00932713  0.0647648  0.0278156  1.05238e-030  0.0681579  1.0525e-030  0.0223684  0.0811881  0.105409  1.0525e-030  

1.0525e-030  3.98195e-006  1.0525e-030  0.0112061  0.0168995  1.0525e-030  1.0525e-030  1.0525e-030  0.134441  0.0302291  0.0172747  0.0382252  0.0135575  0.00562  0.00134488  0.36376  1.0525e-030  1.0525e-030  0.00010449  0.00547576  0.0289848  1.0525e-030  0.0507207  0.000319452  0.254837  0.0269896  1.48105e-012  1.0525e-030  5.07335e-006  1.404e-007  1.07563e-006  1.0525e-030  

1.0525e-030  0.00240946  1.0525e-030  0.0194576  0.0229428  1.0525e-030  1.0525e-030  1.0525e-030  0.040406  2.83231e-005  0.0735222  0.0416543  0.0456845  0.0659801  0.0279854  0.562816  1.0525e-030  1.0525e-030  5.24072e-007  7.30592e-009  0.0402773  1.0525e-030  0.00941209  1.83454e-007  0.0428334  0.0045901  9.5e-031  1.0525e-030  7.9292e-009  8.92295e-010  4.89676e-010  1.0525e-030  

1.0525e-030  0.00541217  1.0525e-030  0.0200572  0.0599404  1.0525e-030  1.0525e-030  1.0525e-030  0.0511222  1.59079e-009  0.0461625  0.0402489  0.0498789  0.0542533  0.0474697  0.519233  1.0525e-030  1.0525e-030  3.3708e-012  2.09373e-014  0.0459118  1.0525e-030  0.0339186  6.66083e-014  0.0215319  0.00485945  1.05e-030  1.0525e-030  1.81144e-017  2.27501e-018  1.72666e-018  1.0525e-030  



p_star  1.8538e-028 