1.0525  0  0  0  0  

0.741317  0.258683  0  0  0  
0  0.721855  0.278145  0  0  
0  0  0.660343  0.339657  0  
0  0  0  0.747957  0.252043  
0  0  0  0  1  


1.05238e-030  3.16545e-024  1.0525e-030  0.0106794  6.11965e-009  1.0525e-030  3.14224e-017  1.0525e-030  0.0064305  0.0397745  0.00351505  6.5777e-007  0.0213731  4.10135e-011  2.88702e-017  0.208423  1.0525e-030  1.0525e-030  1.0525e-030  1.0525e-030  1.34744e-008  1.0525e-030  0.117304  5.36439e-005  0.069602  0.00418148  0.0813368  0.313789  2.53005e-005  1.38742e-005  0.0183176  0.10518  

1.05238e-030  5.77829e-013  1.0525e-030  0.0159282  3.89786e-006  1.0525e-030  1.15866e-010  1.0525e-030  0.0254416  0.0791597  0.0125618  0.000245616  0.0184456  8.45536e-007  5.40281e-011  0.15322  1.0525e-030  1.0525e-030  1.0525e-030  2.82775e-026  2.04228e-005  1.0525e-030  0.0437821  0.00170466  0.0789557  0.00168055  0.0863972  0.0914636  0.00195856  0.0419978  0.175188  0.171844  

1.04988e-030  1.31387e-005  1.0525e-030  0.00297931  0.000128933  1.0525e-030  1.26516e-005  1.0525e-030  0.0344958  0.0957756  0.0423984  0.0225385  0.0419777  0.000694344  2.37673e-005  0.111274  1.0525e-030  1.0525e-030  1.0525e-030  0.011667  0.103133  1.0525e-030  0.0811964  0.119247  0.041536  0.1206  0.00104234  0.0192132  0.0550996  0.0305893  0.0385749  0.0257893  

9.99875e-031  0.0225083  1.0525e-030  0.0611593  0.0249994  1.0525e-030  0.00727664  1.0525e-030  0.0748142  0.00122457  0.0582173  0.00258279  0.019407  0.0501573  0.0190473  0.172494  1.0525e-030  1.0525e-030  1.0525e-030  9.99875e-031  0.066641  1.0525e-030  0.166669  5.7022e-005  0.143286  0.0507568  0.0286433  0.0120726  1.72598e-005  0.00871857  0.00706808  0.00218227  

0.000972439  0.00550772  1.0525e-030  0.0369772  0.0510968  1.0525e-030  4.61563e-007  1.0525e-030  0.0562964  5.81673e-007  0.0381199  0.0349242  0.0494324  0.0374922  0.0475209  0.546137  1.0525e-030  1.0525e-030  1.0525e-030  1.00238e-030  0.0324558  1.0525e-030  0.0238931  6.88544e-022  0.0290899  0.00836169  5.699e-008  0.00108385  2.26351e-009  7.80112e-007  0.000636595  7.79015e-010  



p_star  7.88695e-070 