1.0525  0  0  0  0  

0.689336  0.310664  0  0  0  
0  0.782164  0.217836  0  0  
0  0  0.821296  0.178704  0  
0  0  0  0.867391  0.132609  
0  0  0  0  1  


1.05225e-030  1.0515e-030  1.05238e-030  7.75911e-018  8.15718e-014  1.05256e-030  1.0525e-030  1.0525e-030  9.84425e-020  0.073006  0.0273849  9.98396e-025  9.99e-031  8.97505e-031  3.27394e-015  0.117916  1.05238e-030  1.0525e-030  5.10157e-020  1.0525e-030  2.09578e-025  1.0525e-030  0.202742  0.00865937  0.0659715  0.0582316  0.18294  0.0357381  2.46289e-010  4.35776e-030  0.214707  0.012703  

1.05225e-030  8.965e-031  1.05238e-030  0.0106999  6.16583e-010  5.38883e-023  1.0525e-030  1.0525e-030  0.00169844  0.0925555  4.09743e-014  8.56844e-013  0.0106999  0.0204048  3.78783e-011  0.0362748  1.05238e-030  1.0525e-030  8.68327e-017  1.0525e-030  0.00969254  1.0525e-030  0.0403274  0.020692  0.1127  0.0693002  0.250906  0.0300376  0.0131627  8.62349e-016  0.121514  0.159334  

1.05225e-030  7.01882e-028  1.05238e-030  2.39449e-007  0.00838919  3.47169e-016  1.0525e-030  1.0525e-030  0.010403  0.208238  0.00708626  1.95125e-006  1.82483e-019  0.000534557  6.11326e-007  0.000340441  1.05238e-030  1.0525e-030  3.51117e-010  1.0525e-030  1.52032e-009  1.0525e-030  0.0181829  0.0111746  0.0561792  0.0819755  0.115357  0.294931  0.00269821  8.70793e-011  0.0904352  0.0940723  

1.04975e-030  6.45458e-006  1.05238e-030  0.0223024  0.00984419  1.27231e-010  1.0525e-030  1.0525e-030  0.0253908  0.246071  0.0276494  0.0100177  3.10474e-006  0.000233718  0.00243487  0.031525  1.05238e-030  1.0525e-030  0.00243251  1.0525e-030  7.29574e-007  1.0525e-030  0.0210165  0.000906212  0.264995  0.0969592  0.112279  0.0215573  0.0270466  0.0429094  0.0107505  0.0236683  

0.00485054  0.0817816  0.00109594  0.0379177  0.0365766  0.00131025  1.0525e-030  1.0525e-030  0.0923462  0.0320728  0.0710168  0.0241532  0.0803664  0.015298  0.0406224  0.134636  0.00131025  1.0525e-030  1.1032e-006  1.0525e-030  0.122463  0.00321389  0.0789199  0.0100919  0.0512257  0.0251842  0.0085018  0.0320351  0.00258957  0.00253057  0.00452209  0.00336552  



p_star  1.27677e-066 