1.0525  0  0  0  0  

0.672017  0.327983  0  0  0  
0  0.81245  0.18755  0  0  
0  0  0.767897  0.232103  0  
0  0  0  0.963881  0.0361186  
0  0  0  0  1  


1.05188e-030  1.0515e-030  1.0525e-030  1.22456e-008  6.95902e-013  1.0525e-030  1.0525e-030  1.0525e-030  2.02361e-007  0.0439873  0.0159828  0.0394539  9.52776e-011  3.72808e-007  3.71175e-012  0.338829  1.0525e-030  1.0525e-030  3.06171e-005  1.0525e-030  8.70575e-012  1.0525e-030  0.181569  0.0339694  0.0776254  0.0167832  0.0570363  0.0104779  0.0244714  1.0525e-030  0.123104  0.0366796  

1.05188e-030  7.11062e-027  1.0525e-030  0.00657033  1.21038e-007  1.0525e-030  1.0525e-030  1.0525e-030  0.0128724  0.203122  0.0531035  0.0128947  9.07486e-007  1.31646e-005  9.1644e-007  0.0355177  1.0525e-030  1.0525e-030  0.00775279  1.0525e-030  3.32778e-007  1.0525e-030  0.0486488  0.0110196  0.181838  0.147214  0.105776  0.0460973  8.09098e-006  1.0525e-030  0.0330591  0.0944891  

2.70756e-030  2.10966e-016  1.0525e-030  0.0893908  0.0128109  1.0525e-030  1.0525e-030  1.0525e-030  0.014111  0.0535767  0.00621442  0.0586505  0.0191656  0.0267119  0.0184857  0.0471826  1.0525e-030  1.0525e-030  8.00139e-017  1.0525e-030  0.011265  1.0525e-030  0.0170885  0.00632793  0.238148  0.25029  0.0419902  0.0878729  8.75796e-008  1.0525e-030  9.92464e-006  0.000706947  

8.9358e-019  2.00193e-009  1.0525e-030  0.0223713  0.0371304  1.0525e-030  1.0525e-030  1.0525e-030  0.0349938  2.1147e-005  0.0164465  0.0437539  0.0447328  0.0147116  0.0278686  0.649157  1.0525e-030  1.0525e-030  9.99875e-031  1.0525e-030  0.00814073  1.0525e-030  0.0348944  0.00286352  0.0399548  0.0216177  1.25887e-006  0.00133962  1.59202e-011  1.0525e-030  1.82558e-011  8.79222e-007  

0.0356755  0.356933  1.0525e-030  9.75139e-005  0.0265922  1.0525e-030  1.0525e-030  1.0525e-030  0.122647  7.33886e-010  0.00348725  0.00221966  0.0387294  0.000939912  0.0397201  0.00521896  0.00159284  1.0525e-030  1.04988e-030  1.0525e-030  0.344576  1.0525e-030  0.0037703  0.000177682  0.00434817  0.000103759  0.0045405  2.68028e-010  0.00863068  1.0525e-030  5.87917e-027  3.28742e-013  



p_star  4.02261e-039 