1.0525  0  0  0  0  

0.624448  0.375552  0  0  0  
0  0.61438  0.38562  0  0  
0  0  0.813764  0.186236  0  
0  0  0  0.946142  0.0538576  
0  0  0  0  1  


0.0948668  0.464894  1.0525e-030  2.54211e-013  1.85334e-006  1.05595e-030  1.05125e-030  1.05213e-030  0.0618213  0.0394687  0.0250936  0.00561776  0.0306654  1.52356e-006  1.26833e-005  0.00421154  1.0525e-030  1.0525e-030  1.33266e-008  1.0525e-030  0.203332  9.81311e-017  1.25741e-005  1.97306e-030  0.0525193  7.51458e-007  7.55981e-024  0.0131562  1.0525e-030  1.0525e-030  0.00432381  1.05238e-030  

6.37818e-005  0.0890088  1.0525e-030  1.1127e-007  0.0305955  1.36147e-017  9.98876e-031  1.05213e-030  0.304143  3.57627e-018  0.0505197  0.000901019  0.272822  6.30836e-005  0.0232904  0.0894648  1.0525e-030  1.0525e-030  6.75156e-006  1.0525e-030  0.137402  9.46178e-010  2.2933e-005  6.9866e-016  0.00165492  3.93876e-005  3.79902e-013  6.47539e-012  1.0525e-030  1.0525e-030  1.00833e-006  1.05238e-030  

4.99128e-007  0.0177569  1.0525e-030  0.0129884  0.141032  3.71605e-010  0.00563651  5.14335e-027  0.0624339  2.31013e-010  0.109748  0.0446768  0.0559701  0.0339272  0.0869853  0.127551  1.0525e-030  1.0525e-030  0.0106044  1.0525e-030  0.107819  1.49252e-006  0.0589229  3.38847e-009  0.0883125  0.0356325  8.30308e-008  2.33286e-007  1.0525e-030  1.0525e-030  8.65913e-010  1.05238e-030  

1.83705e-010  0.00488672  1.0525e-030  0.0366363  0.0265237  0.00867362  2.35065e-013  1.04817e-017  0.0670079  0.00220046  0.0763075  0.0686605  0.0763937  0.0217854  0.0278822  0.321008  1.0525e-030  1.0525e-030  1.07045e-006  1.0525e-030  0.0701786  0.00332483  0.0766456  0.00285213  0.0490292  0.0527024  0.00185042  0.00185381  0.00316612  4.74152e-017  0.000429836  1.05873e-030  

1.85044e-023  0.00414765  1.0525e-030  0.00596756  0.0355467  0.00322602  0.0428981  0.00882379  0.0101293  0.0552485  0.0159126  0.0141301  0.0128188  0.0371765  0.00898871  0.129295  1.0525e-030  1.0525e-030  1.03444e-010  1.0525e-030  0.00387745  0.0258422  0.0308923  0.002151  0.129215  0.221344  0.0851435  0.102296  0.00216045  0.00513038  0.00420463  0.00343374  



p_star  6.51082e-083 