1.0525  0  0  0  0  

0.699086  0.300914  0  0  0  
0  0.768638  0.231362  0  0  
0  0  0.864814  0.135186  0  
0  0  0  0.952442  0.0475582  
0  0  0  0  1  


7.91384e-008  0.110998  2.24608e-022  9.05103e-007  0.115454  9.9975e-031  4.74862e-010  1.0525e-030  0.0203302  1.17475e-030  0.0318081  5.03431e-006  0.205274  1.60312e-006  0.168423  0.109691  6.71957e-023  1.0525e-030  5.22135e-006  1.05225e-030  0.208538  1.0525e-030  0.0142363  7.4997e-023  0.0152345  8.41556e-022  1.05238e-030  1.052e-030  1.43738e-016  1.05163e-030  1.05225e-030  1.0525e-030  

0.00218137  0.0050014  3.77278e-013  0.0381277  0.08853  1.18489e-027  1.38029e-007  1.0525e-030  0.124421  1.70821e-020  0.0122103  0.024313  0.0330397  0.0456217  0.0435999  0.196966  1.68274e-012  1.0525e-030  0.00796114  1.05225e-030  0.336144  1.0525e-030  0.0250329  4.34193e-014  0.0168498  4.25247e-012  1.05238e-030  1.052e-030  7.74881e-012  9.99125e-031  1.05225e-030  1.0525e-030  

0.0427437  0.378868  0.00195927  1.73672e-005  0.00729237  4.42621e-017  2.57476e-006  1.0525e-030  0.106131  7.01435e-014  0.0803208  0.0369345  0.0577748  0.0181384  0.0315165  0.0383497  0.0048842  1.0525e-030  1.70085e-006  1.04975e-030  0.158893  1.0525e-030  0.0353051  5.60376e-006  0.00086132  3.59121e-007  1.05238e-030  1.052e-030  1.43854e-008  2.85287e-027  1.05225e-030  1.0525e-030  

0.0551222  0.0740064  0.000179633  0.0162043  0.0830448  2.90465e-011  0.00166078  1.0525e-030  0.144654  4.73284e-009  0.0431636  0.0248695  0.102029  0.0249131  0.122712  0.122253  0.00997894  1.0525e-030  0.00169354  8.47125e-031  0.106177  9.99875e-031  0.0345835  0.00527869  0.0161088  0.00749129  7.60434e-029  9.48808e-031  0.00387608  2.43832e-018  1.00028e-030  1.0525e-030  

0.00121555  0.0272148  3.95536e-007  0.0202039  0.025333  0.00450922  0.0230533  1.0525e-030  0.0551695  0.0655182  0.0459942  0.0488971  0.0475509  0.0141355  0.0241152  0.147666  0.0038622  1.0525e-030  0.0137924  0.0132302  0.0448466  0.00109641  0.0847617  0.0614863  0.0767883  0.024548  0.00517841  0.020498  0.0504778  0.0224931  0.0248009  0.0015627  



p_star  1.34265e-090 