1.0525  0  0  0  0  

0.756522  0.243478  0  0  0  
0  0.768576  0.231424  0  0  
0  0  0.842494  0.157506  0  
0  0  0  0.952042  0.0479579  
0  0  0  0  1  


1.0525e-030  0.00817781  1.29359e-006  0.104633  0.00992351  1.051e-030  0.0178295  8.07745e-010  0.000810591  0.0186832  1.21342e-009  0.0300363  0.00955802  0.126905  0.0873927  0.0729595  0.000315172  0.118429  0.176853  0.0357675  0.0138165  0.00294361  6.6284e-011  0.125813  0.0292512  0.00990001  1.04713e-030  9.96625e-031  1.04963e-030  1.05225e-030  2.00066e-027  1.05238e-030  

1.0525e-030  0.00594045  0.0395049  0.0614752  0.016508  1.051e-030  1.051e-030  2.45971e-006  0.0251476  2.19384e-006  2.64392e-006  0.00435083  0.023829  0.0177776  0.0575207  2.79223e-005  0.0441747  0.308831  0.206116  0.0633438  0.00121956  0.00584552  1.02214e-007  0.118268  0.000101866  1.02722e-005  1.38667e-021  3.70638e-026  2.58573e-020  1.16122e-023  2.02823e-015  1.05238e-030  

1.0525e-030  1.45847e-008  0.0333672  0.108496  0.0215595  2.44439e-028  5.89674e-026  0.00534931  0.0100554  1.70991e-005  0.0213038  0.0700848  0.0160493  0.108334  0.0778781  0.0130402  0.0125993  0.294979  0.0286388  0.0234011  0.0470797  0.00476596  0.0065651  0.0934097  0.00302613  8.12186e-010  3.6533e-013  7.9091e-017  4.15859e-012  5.54964e-014  1.68588e-008  4.12338e-024  

1.0525e-030  7.09678e-014  7.08754e-006  0.0604693  0.00767513  2.31149e-017  0.00138111  0.00156566  0.00625114  0.0261684  0.0330042  0.113235  0.0150939  0.0841636  0.0188653  0.2529  2.62214e-005  0.00188817  0.105114  0.0324506  0.0148444  0.00452144  0.0779183  0.0409969  0.0649213  0.00449022  0.00491042  6.4981e-008  0.0104946  0.00430541  0.0123383  1.29107e-014  

1.0525e-030  1.0525e-030  2.18676e-011  0.0215811  0.0746789  0.0725274  0.0530832  0.0730223  0.0178475  0.00602206  0.0295573  0.030297  0.0177037  0.0371406  0.0142744  0.41487  3.54412e-011  1.33741e-007  0.000206599  6.29998e-005  0.0165402  0.0129136  0.00824386  0.000145144  0.0351841  0.0408571  0.00368187  0.0157857  0.000152795  0.000596756  0.00228618  0.000737609  



p_star  1.87353e-097 