1.0525  0  0  0  0  

0.80578  0.19422  0  0  0  
0  0.800137  0.199863  0  0  
0  0  0.705424  0.294576  0  
0  0  0  0.937176  0.0628236  
0  0  0  0  1  


8.67345e-012  0.00306643  1.05188e-030  0.0215175  0.0799158  2.2118e-006  1.0525e-030  0.00656968  0.0779472  6.3757e-008  0.0387773  0.0187594  0.0431068  0.071584  0.133612  0.418931  1.05238e-030  1.0525e-030  1.05225e-030  1.05225e-030  0.0520564  1.05188e-030  0.0181304  1.05213e-030  0.0067574  0.00926683  1.05188e-030  1.05188e-030  1.05188e-030  1.05213e-030  1.05213e-030  1.05238e-030  

1.08088e-007  0.00888762  1.17169e-025  0.0120375  0.109344  0.0679058  1.0525e-030  0.00263093  0.029827  0.00429975  0.00739749  6.50392e-005  0.0117177  0.0235662  0.0309978  0.569377  1.05238e-030  1.0525e-030  1.0526e-030  1.00225e-030  0.0401222  1.05451e-030  0.0211621  1.05213e-030  0.0606614  9.4875e-031  1.05188e-030  1.05188e-030  1.05188e-030  1.05213e-030  1.05213e-030  1.05238e-030  

6.24106e-006  0.101691  9.75109e-017  0.050769  0.0417653  0.0182071  1.0525e-030  0.0212365  0.0472954  0.00318521  0.148028  0.0410318  0.0223063  0.0284429  0.104123  0.246873  1.05238e-030  1.0525e-030  1.36839e-021  1.00225e-030  0.0382061  8.38055e-023  8.40748e-005  1.05213e-030  0.0749733  0.0117756  1.05188e-030  2.7609e-028  1.05188e-030  1.05213e-030  1.05213e-030  1.05238e-030  

0.163964  0.391943  3.58971e-010  1.75707e-005  0.0183746  3.92605e-007  1.0525e-030  3.40812e-005  0.181205  3.52155e-007  0.00425215  0.00618821  0.0861951  0.00893981  0.0180877  0.0503838  3.92539e-008  1.0525e-030  2.66914e-013  1.00225e-030  0.0673249  6.25633e-016  0.00304113  1.05213e-030  4.88737e-005  2.84428e-018  1.05188e-030  7.72469e-020  1.04938e-030  1.05213e-030  1.05213e-030  1.05238e-030  

0.00918431  0.0118667  0.0229171  0.0350349  0.0494104  0.016877  0.00143446  0.000680355  0.0471374  0.0238365  0.0275688  0.0406672  0.0605657  0.0367627  0.0236844  0.357284  0.00155697  1.0525e-030  0.0164842  0.00781601  0.0332075  0.0144342  0.0384351  0.00905424  0.0270404  0.0248047  0.00797463  0.0140374  0.0313103  0.00484576  0.00340581  0.000680346  



p_star  1.2383e-096 