1.0525  0  0  0  0  

0.808036  0.191964  0  0  0  
0  0.788896  0.211104  0  0  
0  0  0.841436  0.158564  0  
0  0  0  0.889236  0.110764  
0  0  0  0  1  


3.43221e-021  1.36103e-023  1.00383e-011  0.0562471  0.309926  0.0470949  0.0425791  0.0615238  0.0149473  2.5623e-006  1.06317e-007  0.0622925  1.57505e-007  0.0213955  4.04793e-019  0.17934  4.86108e-017  5.09239e-012  3.09976e-011  2.64861e-010  7.47381e-016  0.0640674  8.99769e-011  1.61458e-008  0.0148086  3.43571e-024  1.50744e-008  0.125775  9.55314e-010  4.24543e-013  1.0525e-030  3.98105e-007  

7.50494e-012  1.79185e-012  8.08497e-007  0.0123902  0.282375  2.48535e-006  6.28111e-005  0.0848046  0.0425038  0.0354994  0.00456245  0.016097  0.000433406  0.0061168  7.83253e-010  0.218156  4.24734e-009  4.44671e-007  8.02796e-007  6.96922e-006  1.393e-008  0.000172045  4.7897e-007  1.06571e-005  0.130377  3.13453e-012  8.1329e-006  0.15749  5.16458e-006  4.58085e-008  1.0525e-030  0.00892333  

2.00747e-007  1.41106e-007  0.00653875  0.0208361  0.0290391  0.008344  0.00176654  1.70097e-005  0.027268  0.0121166  0.0107401  0.0752328  0.00772115  0.00432725  2.07437e-006  0.165623  2.24792e-006  0.0113171  0.0360931  0.0509219  1.32405e-005  0.00603123  0.0191965  0.0821999  0.137869  0.0111531  0.0253963  0.208589  0.0201249  0.000711819  1.0525e-030  0.0208081  

0.00451132  0.0126975  0.137036  0.211981  0.0572347  1.55042e-005  0.00731046  7.1401e-008  0.0118195  0.0032479  0.00880867  0.049631  0.126553  0.0932868  0.0167417  0.0263921  0.00302342  0.0183401  0.0122247  4.22484e-005  0.0197473  0.003616  0.0417722  0.0130124  0.0305315  0.0429824  1.98004e-005  0.0284598  0.00969859  0.00926204  1.0525e-030  4.8954e-007  

2.47864e-007  0.00747736  1.04999e-005  0.0236017  0.0616213  0.00525808  8.72829e-009  2.64417e-019  0.0444467  0.000870213  0.0192419  0.0329544  0.0332345  0.0336246  0.0344885  0.635564  1.40534e-008  1.6324e-007  1.30309e-006  7.87848e-009  0.0171204  4.11314e-006  0.0183597  1.56476e-007  0.0268215  0.00529783  2.86459e-008  7.17185e-007  3.98537e-010  2.64275e-008  1.0525e-030  1.5254e-018  



p_star  1.53762e-056 