1.0525  0  0  0  0  

0.656845  0.343155  0  0  0  
0  0.773004  0.226996  0  0  
0  0  0.847734  0.152266  0  
0  0  0  0.922294  0.0777058  
0  0  0  0  1  


4.74746e-007  1.05225e-030  2.45822e-005  0.0093604  1.58538e-012  1.0525e-030  6.5161e-006  1.0525e-030  3.84275e-007  0.0388559  0.00928567  0.0777036  1.54299e-007  0.0266009  0.0158167  0.213354  3.24658e-007  0.0429748  0.101303  0.0752671  6.9615e-009  1.0525e-030  0.0737543  0.113514  0.0325781  0.0088024  0.0481966  1.0495e-030  0.0984788  0.0141215  2.89567e-027  1.0525e-030  

0.00136177  5.21282e-022  0.0285939  0.0135567  0.0133629  1.0525e-030  0.0131963  1.0525e-030  0.0270939  0.0812872  0.00717244  0.122174  0.00493529  0.00974972  0.0125541  0.0557014  0.000834983  0.0116024  0.0912408  0.11766  2.83066e-005  1.0525e-030  2.84333e-005  0.344845  1.4745e-009  4.04395e-006  7.70046e-006  1.05219e-030  0.0055939  0.0374142  6.2574e-023  1.0525e-030  

0.00608443  7.37768e-013  8.39669e-006  0.000155499  0.00960372  1.0525e-030  0.0315912  1.0525e-030  0.000915261  0.000266749  0.00962401  0.025348  0.00405994  0.00745286  0.0918935  0.000286162  0.205869  0.180696  0.0491007  0.242491  0.029102  1.0525e-030  0.00409948  0.0974305  7.20061e-007  9.98488e-009  2.00434e-008  2.42902e-020  0.00388772  3.36118e-005  1.44289e-013  1.0525e-030  

4.83555e-008  3.81544e-008  0.00183509  0.0370057  0.00809926  1.0525e-030  3.93163e-006  1.0525e-030  0.00900165  0.0112611  0.00595826  0.0961086  0.00240228  0.0763043  0.0266949  0.106909  0.00309979  8.19659e-005  0.175555  0.0407879  0.0115229  1.0525e-030  0.105377  0.131317  0.0407813  0.0060078  1.74081e-013  2.21943e-010  0.0514663  0.00272049  0.0496982  1.0525e-030  

4.79454e-024  0.00257201  0.000809583  0.026915  0.0173854  1.0525e-030  0.00180123  1.0525e-030  0.0312426  0.0224043  0.0497365  0.0545534  0.0368987  0.0328458  0.0104407  0.381535  4.128e-007  0.00391911  0.00362382  0.00152564  0.0138297  1.0525e-030  0.108194  0.0133073  0.0524908  0.0976665  0.00784797  0.0115793  0.00429361  0.00662114  0.00596091  1.0525e-030  



p_star  5.32484e-065 