1.0525  0  0  0  0  

0.618679  0.381321  0  0  0  
0  0.649811  0.350189  0  0  
0  0  0.923851  0.0761491  0  
0  0  0  0.922669  0.0773309  
0  0  0  0  1  


1.04388e-030  8.93208e-028  9.9625e-031  0.0109698  0.0187067  0.133359  1.08106e-018  0.0543272  0.00323121  0.00288162  0.137626  0.000218284  0.0396057  0.0423376  0.00606021  0.20553  1.05225e-030  1.05188e-030  1.0525e-030  1.0525e-030  0.00491225  1.0525e-030  0.0228689  0.00375284  0.150273  0.0424001  0.0597437  0.0290315  0.0262738  3.68955e-009  0.00589113  1.57842e-015  

1.72574e-025  1.88732e-015  8.4017e-027  0.0204728  0.0249425  0.00146882  1.5598e-009  6.06039e-013  0.0256651  0.147519  0.00280659  0.0425715  0.0113007  0.079462  0.000663912  0.0414631  1.05225e-030  1.05188e-030  1.0525e-030  1.0525e-030  0.0144686  1.0525e-030  0.0474929  0.0123149  0.105209  0.13431  0.141854  0.0678902  0.015471  3.10442e-006  0.0233328  0.0393171  

5.32298e-017  1.41161e-008  2.00262e-017  0.0102467  0.0164383  3.33686e-008  4.1587e-007  3.81585e-008  0.0155297  0.0238181  0.0367967  0.00249505  0.0237688  0.00574986  1.04419e-006  0.297985  1.05225e-030  1.05188e-030  1.0525e-030  1.0525e-030  5.35861e-008  1.0525e-030  0.00605838  9.99875e-031  0.035524  0.179776  0.188834  0.143676  2.27569e-010  0.0105868  2.53112e-007  0.0027149  

1.05596e-011  0.00258835  6.49815e-013  7.91824e-005  0.0184813  1.80235e-012  0.0222968  0.00328834  0.0126804  0.0487969  0.0644587  0.0226967  0.0242416  0.0134446  0.00404494  0.164863  1.05227e-030  1.05188e-030  1.0525e-030  1.0525e-030  2.08181e-006  1.0525e-030  0.0427511  1e-030  0.0878534  0.192655  0.190962  0.0133124  9.99875e-031  0.0491231  0.0191293  0.00225152  

0.0441577  0.0203647  0.16681  0.0499759  0.16322  0.00101672  0.00263763  0.00293672  0.054707  2.59866e-006  0.0218681  0.0375933  0.0451035  0.0455098  0.0995768  0.199615  0.00437113  0.0138246  1.0525e-030  1.0525e-030  0.0132423  1.0525e-030  0.00934828  1.0525e-030  0.00213745  0.00197592  3.68947e-006  5.43383e-007  1.0525e-030  1.28684e-007  8.56148e-007  2.30046e-007  



p_star  1.25826e-079 