1.0525  0  0  0  0  

0.797612  0.202388  0  0  0  
0  0.767676  0.232324  0  0  
0  0  0.81644  0.18356  0  
0  0  0  0.93837  0.06163  
0  0  0  0  1  


1.60592e-007  3.42585e-006  1.0525e-030  0.102073  0.00880775  0.00856232  0.00580876  1.0525e-030  0.0880273  0.0238405  0.0587349  0.0928984  0.075902  4.27098e-005  0.00180543  0.195973  9.49875e-031  1.0525e-030  0.00876997  1.0525e-030  0.0335993  1.0025e-030  0.0300478  0.0116944  3.12679e-009  0.078995  0.0294838  0.102797  2.93785e-011  0.016379  0.0182961  0.00745746  

0.032559  0.0210162  1.0525e-030  0.0132206  0.0373334  0.000222133  0.0394687  1.0525e-030  0.0723959  0.0144645  0.0714957  0.059642  0.0981967  0.033416  0.0381476  0.235615  9.50124e-031  1.0525e-030  0.00130224  1.0525e-030  0.0217455  1e-030  0.0887482  1.00225e-030  0.00100207  0.0354833  0.00212459  0.0698605  9.73164e-006  0.0119146  0.0006156  3.74694e-008  

0.0769669  0.171423  1.0525e-030  0.0194933  0.0367648  2.04993e-007  9.97326e-031  1e-030  0.0418021  0.0243825  0.0371222  0.00913776  0.0367136  0.0107874  0.0253935  0.171951  0.0259996  1.0525e-030  9.94043e-008  1.0525e-030  0.0366347  7.78288e-023  0.0216363  1.0573e-030  0.0661005  4.52659e-005  0.00552724  0.0889096  0.0602032  0.0329972  3.92284e-008  7.74421e-006  

3.99319e-006  4.05997e-005  1.0525e-030  6.24233e-008  2.94542e-006  4.21202e-011  9.82353e-026  0.00320566  0.0156995  0.0659886  0.000256837  0.000476027  0.00133162  1.51635e-005  3.24463e-011  0.0382261  9.9975e-031  1.0525e-030  1.18514e-012  1.0525e-030  0.00455751  0.00846991  0.0079954  1.00397e-019  0.041838  5.99095e-007  0.276627  0.184626  0.0363659  0.0157968  0.0245094  0.273966  

1.16804e-013  6.2945e-010  1.0525e-030  0.000846529  0.00282067  1.34914e-026  0.00307413  9.99875e-031  0.0127252  0.0760271  0.043291  0.00967465  0.00774593  0.0055234  9.84952e-025  0.192427  9.99875e-031  1.0525e-030  1.26682e-026  1.0525e-030  0.000846652  0.000952416  0.0305749  0.00101913  0.0344657  0.0798021  0.157367  0.197803  0.00499833  0.0554634  0.0398977  0.0426536  



p_star  2.96256e-068 