1.0525  0  0  0  0  

0.799832  0.200168  0  0  0  
0  0.758997  0.241003  0  0  
0  0  0.75299  0.24701  0  
0  0  0  0.945632  0.0543682  
0  0  0  0  1  


1.05188e-030  1.052e-030  1.05163e-030  1.56996e-018  0.0750066  0.111866  0.20689  0.187075  0.0179979  3.49989e-007  0.0769356  0.0631575  4.08948e-012  0.0223387  1.05138e-030  0.139165  1.05238e-030  1.0525e-030  1.05213e-030  7.6908e-005  0.0386766  0.0438247  2.94166e-007  6.40894e-010  0.0169887  6.12195e-012  8.66965e-010  1.5395e-011  3.60145e-008  5.94058e-017  4.60749e-011  6.13748e-009  

1.05196e-030  1.42529e-030  1.05509e-030  5.05101e-010  0.0902577  0.0927926  0.0505551  0.0269501  0.0126885  0.0232249  0.101625  0.0877332  2.73625e-007  0.0604498  1.05383e-030  0.32333  1.05238e-030  1.0525e-030  1.34323e-023  0.0181963  0.0740278  0.0105062  0.0201584  7.63039e-006  0.00737481  8.94814e-007  5.18252e-005  9.40407e-007  6.09339e-005  1.98903e-009  3.75954e-007  7.31411e-006  

1.76419e-019  2.97717e-019  1.56182e-018  1.4403e-006  0.0210878  0.000101879  0.000825098  6.3223e-005  0.0370665  0.14742  0.0245567  0.0744556  0.0155436  0.00681333  4.57472e-021  0.0995581  1.05238e-030  1.0525e-030  0.00587089  3.00925e-006  6.47758e-005  2.42557e-005  0.12961  0.0848678  0.0531738  0.0894482  0.115655  0.00136443  0.0327353  2.30519e-006  0.0232953  0.0363919  

1.78218e-011  1.66098e-012  1.3713e-010  0.00575405  5.17494e-008  7.29438e-006  2.43191e-006  3.93419e-006  2.91382e-005  0.0690656  0.0128456  0.0075446  0.00714404  0.00755575  3.88927e-006  0.00799906  1.17806e-030  0.00247849  0.0109418  0.00683269  1.02771e-005  0.00442895  0.0443406  0.0842525  0.081573  0.0197929  0.0688496  0.252189  0.0410995  0.0132451  0.0443961  0.207614  

0.0226818  0.0191162  0.0649102  0.0290144  0.119273  0.00228703  0.0168041  0.00611615  0.0849116  0.00597385  0.0338337  0.0398475  0.102886  0.0560307  0.068972  0.195473  0.00474889  0.00113679  0.00316386  2.2186e-005  0.021654  0.00561475  0.0179685  2.96543e-005  0.0304749  0.0247011  0.00107243  0.0211643  3.15071e-005  1.49193e-005  4.56431e-005  2.59031e-005  



p_star  1.683e-082 