1.0525  0  0  0  0  

0.663753  0.336247  0  0  0  
0  0.854613  0.145387  0  0  
0  0  0.770189  0.229811  0  
0  0  0  0.937752  0.0622476  
0  0  0  0  1  


1.60757e-009  1.05238e-030  0.292234  0.0791691  0.00899875  1.05163e-030  1.05225e-030  0.0262252  6.55406e-017  8.61238e-011  1.51323e-030  8.61358e-016  0.0190495  0.0669369  1.08174e-007  1.55138e-016  0.088981  0.284481  0.0891642  0.032058  1.05175e-030  0.0125185  3.53841e-014  0.000161002  2.35793e-005  4.28819e-025  2.36796e-023  5.3874e-014  1.0525e-030  1.0525e-030  1.0525e-030  4.70894e-025  

1.79881e-006  1.05238e-030  0.130294  0.0279286  7.56603e-011  1.05163e-030  1.05213e-030  6.34422e-010  3.82879e-009  7.24991e-008  1.38013e-017  1.51061e-010  1.94921e-007  7.9674e-007  0.00144206  1.75463e-010  0.0246435  0.506464  0.0739459  0.124095  2.06675e-021  4.05504e-006  1.92156e-008  0.0760614  0.0351176  2.19411e-015  2.69855e-012  2.90476e-009  1.0525e-030  1.0525e-030  1.0525e-030  4.26878e-013  

0.214929  9.99875e-031  0.18184  0.155822  0.000105843  1.05163e-030  1.05213e-030  1.04988e-030  0.00839587  0.000147541  1.16441e-011  0.0133387  0.000506215  0.0065771  0.0152879  0.00472999  0.0764811  0.0140677  0.198647  0.000146908  2.85696e-011  9.71242e-008  0.0212486  0.065633  0.0220888  3.97069e-009  1.56254e-007  6.3586e-006  1.0525e-030  1.0525e-030  1.0525e-030  1.04624e-007  

0.000142243  3.20236e-017  0.000101599  0.0322017  0.0161763  8.41625e-031  6.06828e-024  1.00041e-030  0.0893989  0.112391  0.0152483  0.0155222  0.0271525  0.00181785  0.0330258  0.0339294  5.97754e-005  7.80182e-005  0.000232962  6.12555e-006  0.00252849  0.00249505  0.0153366  0.000166521  0.0183859  0.0946962  0.0799629  0.351197  1.0525e-030  1.0525e-030  1.0525e-030  0.057747  

1.25339e-008  0.00288047  4.35628e-008  0.0528256  0.0377898  0.0350164  0.0163738  0.000959448  0.046953  0.00369644  0.0379602  0.0462994  0.0341223  0.038425  0.028099  0.519943  2.57577e-008  7.66915e-011  0.0016335  7.21247e-015  0.0195657  0.0006666  0.0223067  0.000816746  0.0429763  0.00664174  3.09403e-005  0.00400371  1.0525e-030  1.0525e-030  1.0525e-030  1.36543e-005  



p_star  3.7336e-067 