1.0525  0  0  0  0  

0.788476  0.211524  0  0  0  
0  0.681993  0.318007  0  0  
0  0  0.839289  0.160711  0  
0  0  0  0.957583  0.0424174  
0  0  0  0  1  


5.12424e-006  0.0218504  1.5238e-018  0.00782639  1.01313e-006  1.0525e-030  1.05213e-030  8.46522e-012  0.0284348  1.05163e-030  5.32774e-006  0.0212021  0.0363203  0.0149976  0.0769847  0.71493  1.44676e-007  1.05225e-030  1.04925e-030  1.05225e-030  0.0290266  2.21711e-010  0.00360496  1.052e-030  0.0448108  3.0231e-009  1.05138e-030  1.04875e-030  1.05225e-030  1.052e-030  1.05238e-030  1.05225e-030  

0.00289114  0.098602  5.15071e-010  0.0220278  0.0131425  1.0525e-030  1.05213e-030  0.00366778  0.13537  1.65998e-030  0.0296316  0.0274394  0.106266  0.0264292  0.0579799  0.204465  0.000298633  1.08886e-030  9.47883e-031  1.05225e-030  0.247667  2.99388e-006  0.024066  1.052e-030  5.17284e-005  1.68809e-006  9.99784e-031  1.00543e-029  1.052e-030  1.05188e-030  1.05238e-030  1.05225e-030  

0.0966399  0.209443  5.16848e-007  1.11782e-006  0.0971503  1.0525e-030  1.05213e-030  0.00446993  0.105006  1.80955e-020  0.0267611  0.0355903  0.0502666  0.00523061  2.998e-005  0.218662  0.0107425  3.6857e-020  3.51712e-022  1.05225e-030  0.105428  0.0155784  0.00277981  1.052e-030  0.00753622  0.0086839  5.29232e-026  8.15739e-021  1.052e-030  1.05188e-030  1.05238e-030  1.05239e-030  

0.0142684  0.00548121  0.0208255  0.0218727  0.0902229  1.0525e-030  1.05213e-030  0.00313218  0.0284028  1.76232e-007  0.0130705  0.00160863  0.266972  0.0451057  0.0175885  0.391348  6.91949e-007  7.76142e-010  2.50003e-013  9.99625e-031  0.0241155  0.0422622  0.00386307  1.05207e-030  0.00518664  0.00467321  6.5344e-018  4.98534e-016  9.995e-031  2.58339e-022  1.05238e-030  2.53762e-025  

0.00158911  0.00752418  0.00175502  0.0416141  0.0279344  0.000780796  0.00728283  0.00394956  0.0288961  0.0309664  0.0362272  0.0645747  0.0276771  0.058543  0.0174022  0.268883  0.00305096  0.00238868  0.0170595  0.00377771  0.0212256  0.00259178  0.0483756  0.00818918  0.0602226  0.0764257  0.0795641  0.0243658  0.0157629  0.00839413  0.000703967  0.00230225  



p_star  0 