1.0525  0  0  0  0  

0.576368  0.423632  0  0  0  
0  0.612398  0.387602  0  0  
0  0  0.898451  0.101549  0  
0  0  0  0.879712  0.120288  
0  0  0  0  1  


1.7845e-019  3.95569e-016  7.36504e-008  0.0253436  0.0127633  0.0124326  0.00893055  0.00759643  0.0250482  0.182661  8.41744e-006  0.0560268  2.58088e-005  0.00270981  2.5845e-006  0.167444  2.55175e-020  1.0525e-030  1.0525e-030  1.0525e-030  0.0250577  0.0126834  0.0393546  0.0412595  0.143777  0.0167484  0.0148205  0.161887  0.0328744  1.91795e-005  0.010525  1.0525e-030  

3.1804e-011  2.25524e-010  9.85945e-006  0.0137788  0.0110981  0.0158701  0.0321438  0.00723113  0.117903  0.0646327  0.0368739  0.0150191  0.0137757  0.0982345  2.47519e-005  0.105153  3.25848e-011  1.0525e-030  1.0525e-030  1.0525e-030  0.062982  3.92855e-007  0.0645518  1.87082e-005  0.0943734  0.00465868  0.133324  0.0419686  0.0295538  0.0368207  1.0525e-030  1.0525e-030  

1.27703e-007  6.54333e-007  2.50624e-005  0.0463408  1.23902e-005  6.44168e-008  1.29534e-006  2.41629e-008  0.0156965  0.0126344  0.0204333  0.032839  0.0162888  0.00974631  0.0103604  0.697581  2.66079e-007  1.0525e-030  1.0525e-030  1.0525e-030  2.60048e-006  1.71874e-017  0.0564904  0.0215749  0.0560405  0.00348699  8.94981e-031  0.000431886  1.27458e-005  1.25476e-008  1.0525e-030  1.0525e-030  

0.0195757  0.0126244  0.0447925  0.0385917  0.0466458  0.0134162  0.0251641  5.54245e-013  0.0457371  0.00126515  0.106051  0.0946299  0.103903  0.10066  0.159759  0.0507809  0.00346719  1.0525e-030  1.0525e-030  1.0525e-030  0.01675  1.12215e-011  0.0456842  0.00973162  0.0366356  0.0163136  1.04738e-030  0.00782032  3.31856e-008  1.50333e-014  1.0525e-030  1.0525e-030  

0.000544659  0.0104404  4.51778e-007  0.0315218  0.0560386  1.33129e-006  0.00101404  1.0525e-030  0.0341304  0.00380085  0.0327797  0.0234709  0.0331564  0.0219151  0.0380052  0.632898  3.54832e-007  1.0525e-030  1.0525e-030  1.0525e-030  0.0376206  0.00162894  0.0145382  3.63447e-008  0.0162855  0.00749016  1.0525e-030  0.00271801  4.61741e-013  1.0525e-030  1.0525e-030  1.0525e-030  



p_star  1.03373e-048 